9.03099049833253,45.5377630749739,160
9.03099,45.53774,160
9.03365,45.53808,163
9.03358,45.53742,163
9.03446,45.53761,160
9.03446,45.53761,160
9.03534,45.53779,159
9.03601,45.53745,160
9.03614,45.53744,161
9.0364,45.53713,162
9.03692,45.53742,164
9.03722,45.53756,164
9.03767,45.53697,163
9.03767,45.53697,163
9.0382,45.53628,159
9.03998,45.53516,159
9.03998,45.53516,159
9.04046,45.53486,160
9.04244,45.5359,158
9.04249,45.53591,158
9.04258,45.5359,158
9.04279,45.53671,157
9.04288,45.53716,157
9.04286,45.53751,157
9.04272,45.5389,158
9.04269,45.53949,158
9.04251,45.54095,158
9.04267,45.54096,159
9.04266,45.541,159
9.04258,45.54101,159
9.04252,45.54147,159
9.04252,45.5418,160
9.04252,45.5418,160
9.04257,45.54287,161
9.04261,45.5431,160
9.04269,45.54326,159
9.04345,45.54448,161
9.04345,45.54447,161
9.04365,45.54482,161
9.04403,45.54584,162
9.04409,45.54594,162
9.0442,45.54601,161
9.04435,45.54605,161
9.04436,45.54615,161
9.04484,45.54617,161
9.04483,45.54617,161
9.04814,45.54628,161
9.04853,45.54632,161
9.04882,45.54641,161
9.04902,45.54652,161
9.0491,45.54659,161
9.04925,45.54677,161
9.04932,45.54697,161
9.0493,45.54707,161
9.04935,45.54868,161
9.04932,45.54884,161
9.04932,45.54884,161
9.04931,45.549,161
9.04932,45.54905,161
9.04938,45.5491,161
9.04952,45.54913,162
9.04971,45.54923,162
9.05021,45.54964,162
9.05041,45.54982,162
9.05045,45.54983,162
9.05056,45.54991,162
9.05107,45.55034,162
9.05107,45.55033,162
9.05145,45.55082,162
9.05169,45.55116,162
9.05176,45.55132,163
9.05176,45.55144,163
9.05184,45.55157,163
9.05196,45.55162,163
9.05237,45.55239,164
9.05237,45.55238,164
9.05251,45.55266,164
9.05257,45.55285,164
9.05259,45.55302,164
9.05255,45.55322,164
9.05248,45.55337,165
9.05234,45.55356,165
9.05195,45.55405,167
9.05184,45.55423,167
9.05179,45.55443,168
9.05183,45.55461,168
9.05189,45.55478,168
9.05202,45.55495,167
9.05215,45.55505,167
9.05249,45.55524,167
9.05278504766889,45.5554420176767,166
9.05290842927383,45.5557162244347,165
9.05268848828246,45.5567754762803,166
9.05262933244998,45.5570459203526,167
9.0525971460988,45.5572603202983,168
9.0524523068145,45.5573654922518,168
9.05229137426593,45.5573917852078,168
9.05208752637742,45.5573992974815,169
9.05198023801793,45.5575157375526,169
9.05204461103733,45.5576584702202,169
9.05213580615131,45.5577861780843,169
9.05231283194533,45.5578575441199,169
9.05257403976188,45.5578724394402,168
9.05251503117637,45.5582968775573,167
9.05234337017879,45.5590944238527,167
9.05256867568673,45.5590453370765,167
9.05256,45.55903,167
9.05268,45.55901,167
9.05272,45.5589,167
9.05285,45.55883,167
9.05355,45.55888,167
9.05354,45.55888,167
9.05358,45.55888,167
9.05372,45.55895,167
9.05355,45.5592,166
9.05346,45.55957,166
9.05341,45.55976,166
9.05344,45.55981,166
9.05344,45.5598,166
9.05359,45.56011,167
9.05366,45.56019,167
9.05358,45.56062,168
9.05358,45.56075,168
9.05365,45.56079,168
9.0552,45.56096,169
9.05519,45.56096,169
9.05583,45.56102,170
9.05671,45.56118,170
9.0576,45.56122,173
9.06017,45.56151,173
9.06031,45.56163,173
9.06049,45.56168,173
9.06077,45.56183,172
9.0609,45.56187,172
9.06121,45.56192,172
9.0612,45.56192,172
9.06156,45.56198,172
9.06217,45.56201,170
9.06249,45.56199,170
9.06267,45.56199,169
9.06335,45.56207,170
9.06355,45.56207,170
9.06412,45.562,172
9.06411,45.5623,171
9.06414,45.56247,171
9.06419,45.56261,170
9.0646,45.56333,169
9.06461,45.5635,169
9.06461,45.5635,169
9.06461,45.56359,169
9.06448,45.5641,169
9.06431,45.56629,175
9.06391,45.56629,176
9.06385,45.56633,176
9.06381,45.56641,176
9.06382,45.5665,176
9.0639,45.56658,176
9.06395,45.56669,176
9.0639,45.56749,174
9.0639,45.56749,174
9.06384,45.56829,172
9.06347,45.57007,176
9.06475,45.57019,176
9.06474,45.57019,176
9.06839,45.57053,176
9.06955,45.57061,175
9.07012,45.57067,175
9.07075,45.57084,175
9.07126,45.57116,175
9.0716,45.57126,175
9.07159,45.57126,175
9.07169,45.57129,174
9.07516,45.57164,175
9.07577,45.57162,175
9.07591,45.5717,175
9.07651,45.57179,175
9.07836,45.572,176
9.07835,45.572,176
9.07866,45.57203,176
9.07886,45.57192,176
9.07903,45.57207,175
9.07921,45.5721,175
9.08141,45.57234,175
9.08198,45.57239,175
9.08244,45.57238,175
9.08256,45.5724,175
9.08275,45.57248,175
9.08297,45.57253,175
9.0831,45.57254,175
9.08309,45.57254,175
9.08533,45.57278,175
9.08554,45.57275,175
9.08578,45.57269,175
9.08593,45.57261,176
9.08614,45.57236,176
9.08641,45.57182,178
9.08677,45.57192,178
9.08697,45.57151,178
9.08726,45.57111,178
9.08732,45.57091,177
9.08743,45.57074,177
9.08743,45.57074,177
9.08746,45.57069,177
9.08767,45.57048,176
9.08811,45.57018,176
9.08845,45.57002,176
9.0889,45.56992,176
9.08928,45.56986,177
9.08943,45.56987,177
9.08956,45.56996,177
9.08966,45.57006,177
9.09001,45.57027,177
9.09001,45.57026,177
9.09042,45.5705,177
9.09024,45.57059,177
9.0901,45.5707,177
9.09009,45.57079,177
9.08958,45.57122,177
9.08922,45.57152,178
9.08936,45.5716,178
9.09006,45.57103,177
9.09062,45.57135,176
9.09075,45.57123,176
9.0911,45.57144,176
9.09153,45.57111,176
9.09216,45.57059,175
9.09224,45.57058,175
9.09269,45.5709,174
9.09268,45.5709,174
9.09326,45.57122,173
9.09344,45.57123,173
9.09398,45.57144,172
9.09453,45.57161,172
9.09549,45.57184,174
9.09591,45.57188,174
9.09606,45.57192,174
9.09714,45.57198,174
9.0989,45.57199,174
9.09999,45.57203,174
9.10257,45.57207,176
9.10462,45.57212,177
9.10498,45.57212,177
9.10543,45.57201,177
9.10597,45.57214,175
9.10596,45.57214,175
9.10612,45.57217,175
9.10651,45.57235,174
9.10673,45.57251,174
9.10673,45.57262,174
9.10682,45.57268,174
9.1071,45.57304,174
9.10738,45.57367,174
9.10739,45.57392,174
9.10737,45.57414,175
9.10741,45.57434,175
9.10755,45.57451,176
9.10789,45.57478,177
9.10799,45.57483,177
9.10798,45.57483,177
9.10824,45.57496,178
9.10789,45.57519,178
9.10813,45.57527,178
9.10837,45.57542,178
9.1086,45.57559,178
9.10859,45.57559,178
9.10864,45.57565,177
9.10865,45.57579,177
9.1087,45.57583,177
9.10884,45.57584,176
9.1089,45.57585,176
9.10967,45.57632,174
9.10996,45.5766,174
9.11058,45.57704,175
9.1109,45.5772,176
9.11135,45.57736,177
9.11185,45.57742,177
9.1128,45.57736,176
9.11317,45.57735,174
9.11336,45.57736,174
9.11378,45.57742,175
9.11408,45.57759,176
9.11422,45.57771,176
9.11435,45.57794,177
9.11442,45.57822,177
9.1145,45.5789,177
9.1145,45.57969,178
9.11457,45.57991,179
9.11456,45.58008,179
9.11446,45.58012,179
9.11445,45.58015,180
9.11452,45.58019,180
9.11455,45.58023,180
9.11457,45.58039,180
9.11456,45.58066,180
9.11459,45.5808,180
9.11464,45.58093,179
9.11464,45.58092,179
9.11476,45.58111,178
9.11483,45.58119,178
9.1151,45.58138,178
9.11522,45.58144,179
9.11541,45.58151,180
9.11759,45.58196,183
9.11785,45.58203,182
9.11796,45.58208,181
9.11817,45.58222,180
9.11825,45.5823,180
9.11833,45.58246,179
9.11868,45.58237,178
9.11878,45.5829,176
9.11877,45.5829,176
9.11887,45.58355,176
9.11883,45.58396,176
9.11875,45.58427,176
9.1186,45.58516,176
9.11856,45.58551,176
9.11857,45.58567,176
9.11883,45.58646,175
9.11883,45.58645,175
9.11909,45.58709,175
9.11937,45.58749,175
9.1195,45.58759,175
9.11949,45.58759,175
9.11969,45.58776,175
9.11986,45.58764,175
9.11995,45.58748,175
9.11994,45.58733,174
9.1199,45.58726,174
9.11961,45.58697,174
9.11939,45.58673,174
9.11948,45.58665,174
9.12,45.5872,174
9.12005,45.58728,174
9.12005,45.58727,174
9.1201,45.58736,174
9.12013,45.58745,173
9.12013,45.58754,173
9.12007,45.58772,173
9.11997,45.58788,173
9.12026,45.58812,173
9.12077,45.58834,173
9.12096,45.5884,174
9.12095,45.5884,174
9.12135,45.58852,174
9.12201,45.58865,175
9.12265,45.58865,175
9.12694,45.58831,176
9.12925,45.58799,175
9.12925,45.58799,175
9.12952,45.58795,175
9.12989,45.58793,175
9.13552,45.5872,173
9.1359,45.58717,173
9.1359,45.58717,173
9.14038,45.58679,176
9.14425,45.5865,173
9.14425,45.5865,173
9.1457,45.58639,174
9.14581,45.58641,174
9.14608,45.58642,174
9.1478,45.58625,174
9.14862,45.58623,175
9.14936,45.58629,176
9.15042,45.58643,173
9.15244,45.58673,172
9.15243,45.58673,172
9.15341,45.58691,175
9.1539,45.58702,175
9.15381,45.58728,175
9.15382,45.58735,175
9.15386,45.58742,175
9.15393,45.58747,175
9.15406,45.58753,174
9.15447,45.58759,173
9.15535,45.58769,172
9.15543,45.58776,172
9.15547,45.58792,172
9.15546,45.58797,172
9.15537,45.58803,172
9.15527,45.58803,172
9.1552,45.58799,172
9.15517,45.5879,172
9.15525,45.58756,172
9.15528,45.58751,172
9.15538,45.58744,172
9.15552,45.5874,172
9.15563,45.5874,172
9.15562,45.5874,172
9.15575,45.58742,172
9.15581,45.58744,172
9.15588,45.58753,172
9.15595,45.58772,172
9.15614,45.58781,172
9.1562,45.58782,172
9.15628,45.58778,172
9.15633,45.58766,172
9.15638,45.58733,173
9.15661,45.58732,173
9.15697,45.58728,173
9.15728,45.5872,174
9.15728,45.58721,174
9.15753,45.58714,174
9.15791,45.58709,174
9.15808,45.58708,174
9.15865,45.58711,174
9.15867,45.58713,174
9.15866,45.58724,174
9.15865,45.58734,174
9.15873,45.58738,174
9.15875,45.58728,174
9.15912,45.58729,175
9.15972,45.58734,175
9.16012,45.58739,174
9.1617,45.58765,173
9.16169,45.58765,173
9.16253,45.58779,173
9.16254,45.58776,173
9.16259,45.58779,173
9.16275,45.58783,174
9.16359,45.58796,174
9.16372,45.58805,174
9.164,45.58805,174
9.16454,45.58814,173
9.16486,45.58813,173
9.16495,45.58811,173
9.16528,45.58799,173
9.16573,45.58778,172
9.16585,45.58769,172
9.16596,45.58739,171
9.16596,45.58739,171
9.16606,45.58719,171
9.16611,45.58714,171
9.16633,45.58702,171
9.1666,45.58696,171
9.16676,45.5869,171
9.16708,45.58687,171
9.1673,45.58688,171
9.16794,45.58701,171
9.17014,45.58754,172
9.17013,45.58754,172
9.1716,45.58786,172
9.1719,45.58788,171
9.17217,45.58787,171
9.17247,45.58784,171
9.17299,45.58774,172
9.17442,45.58732,173
9.17534,45.58704,173
9.17587,45.58688,173
9.17608,45.58688,173
9.17615,45.58686,173
9.17615,45.58686,173
9.17664,45.58678,174
9.17697,45.58679,174
9.17754,45.58683,174
9.17851,45.58703,173
9.1789,45.58717,173
9.18221,45.58785,172
9.18247,45.58789,172
9.18576,45.58862,174
9.18584,45.58867,174
9.18596,45.58869,174
9.18617,45.58869,174
9.18636,45.58871,174
9.18644,45.58874,174
9.18646,45.58871,174
9.18649,45.58872,174
9.18663,45.58875,174
9.18663,45.58877,174
9.18824,45.5891,174
9.18823,45.5891,174
9.19069,45.58961,174
9.19091,45.58963,174
9.19123,45.58962,174
9.19154,45.58956,174
9.19189,45.5894,174
9.1921,45.58924,174
9.19221,45.58912,174
9.1923,45.58897,174
9.19253,45.58798,173
9.19265,45.58779,173
9.19283,45.58763,173
9.19283,45.58763,173
9.19306,45.5875,173
9.19399,45.58733,173
9.19491,45.58718,173
9.19485,45.58702,173
9.19567,45.58688,172
9.19572,45.58686,172
9.1962,45.58677,172
9.19711,45.58665,172
9.19747,45.58662,173
9.19787,45.58662,173
9.19787,45.58662,173
9.19799,45.58662,173
9.19882,45.58671,174
9.20079,45.58698,174
9.2011,45.58701,174
9.20222,45.58697,174
9.20312,45.58699,174
9.20311,45.58699,174
9.2046,45.58711,174
9.20671,45.58732,174
9.20686,45.58731,174
9.20723,45.58723,174
9.20749,45.58713,173
9.20761,45.58705,173
9.2078,45.58685,173
9.20789,45.5867,173
9.20797,45.58645,173
9.20797,45.58645,173
9.20804,45.58622,173
9.20826,45.58625,173
9.20844,45.58576,173
9.20844,45.58576,173
9.20853,45.58558,172
9.20865,45.58545,172
9.2088,45.58534,172
9.20911,45.58523,172
9.20924,45.58519,172
9.20971,45.58514,172
9.2099,45.58515,172
9.2108,45.5853,173
9.21102,45.58536,173
9.21153,45.58541,173
9.21211,45.58551,172
9.2123,45.58552,172
9.2144,45.58585,172
9.21439,45.58585,172
9.21676,45.58621,172
9.2168,45.58607,171
9.21827,45.58626,171
9.21826,45.58626,171
9.21982,45.58651,172
9.22007,45.58657,172
9.2204,45.58659,172
9.22065,45.58656,171
9.22089,45.58652,171
9.22114,45.58643,171
9.22144,45.58626,171
9.22189,45.58594,171
9.22193,45.58588,171
9.22202,45.58564,171
9.22226,45.58575,171
9.2227,45.58566,172
9.22294,45.58571,172
9.223,45.58573,172
9.22347,45.5858,172
9.22354,45.58582,172
9.2236,45.58586,172
9.22519,45.58604,172
9.22518,45.58604,172
9.22768,45.58636,172
9.22844,45.58648,172
9.22906,45.58663,171
9.22906,45.58662,171
9.22932,45.5867,170
9.22947,45.58672,170
9.22957,45.58678,170
9.2307,45.58723,173
9.23096,45.58736,174
9.23205,45.58776,174
9.23253,45.58791,174
9.23525,45.58859,173
9.23524,45.58859,173
9.23563,45.58871,173
9.23649,45.58892,173
9.23666,45.58894,173
9.23692,45.58894,173
9.23725,45.58888,173
9.23761,45.58872,173
9.23781,45.58854,172
9.23864,45.58757,171
9.23891,45.58737,171
9.23915,45.58727,171
9.23925,45.58726,171
9.23925,45.58726,171
9.23942,45.58723,171
9.23961,45.58722,171
9.23984,45.58723,171
9.24006,45.58727,171
9.24258,45.58799,170
9.2443,45.58853,172
9.24472,45.58865,172
9.24493,45.58866,172
9.24492,45.58866,172
9.24502,45.58867,172
9.24531,45.58862,172
9.24547,45.58857,172
9.24571,45.58846,172
9.24589,45.58827,172
9.24608,45.58803,172
9.24657,45.58765,171
9.24662,45.58766,171
9.24677,45.58763,171
9.24725,45.58759,171
9.2482,45.58783,172
9.24945,45.58819,173
9.24944,45.58819,173
9.25213,45.58898,172
9.25228,45.58901,172
9.25245,45.58902,172
9.25265,45.589,172
9.25291,45.58895,172
9.25295,45.58906,172
9.25313,45.58903,172
9.25308,45.58892,172
9.25323,45.58889,172
9.25328,45.58901,172
9.25374,45.58893,172
9.25374,45.58893,172
9.25408,45.58889,172
9.25445,45.58889,172
9.25703,45.58934,170
9.25729,45.58937,170
9.25756,45.58937,170
9.25777,45.58935,170
9.25804,45.58928,170
9.25818,45.58922,170
9.25834,45.5891,169
9.25834,45.5891,169
9.25848,45.58897,169
9.26013,45.58529,166
9.26099,45.58361,168
9.26131,45.58293,168
9.26131,45.58293,168
9.26143,45.58267,167
9.26126,45.58263,167
9.26169,45.58181,165
9.26169,45.58181,165
9.26242,45.58037,166
9.26242,45.58031,166
9.26252,45.58012,166
9.2626,45.58011,165
9.26274,45.58014,165
9.26279,45.58004,165
9.2628,45.58005,165
9.2632,45.57926,163
9.2632,45.57926,163
9.26356,45.57854,164
9.26397,45.57731,164
9.264,45.57732,164
9.26404,45.57721,164
9.26396,45.5772,164
9.26398,45.57714,164
9.26387,45.57712,164
9.26405,45.5766,164
9.26405,45.5766,164
9.26488,45.57429,161
9.26503,45.57398,161
9.26526,45.57371,162
9.26541,45.57358,162
9.26566,45.57342,162
9.26633,45.5731,161
9.26633,45.5731,161
9.26755,45.57253,160
9.2672,45.57217,160
9.26742,45.57206,160
9.26719,45.57183,159
9.26725,45.57179,159
9.26702,45.57156,159
9.26693,45.57138,159
9.26693,45.57129,159
9.26698,45.57111,158
9.26707,45.571,158
9.26725,45.57089,157
9.26936,45.57017,153
9.26949,45.57008,153
9.26953,45.57001,153
9.26965,45.57002,153
9.26969,45.57025,153
9.26968,45.57075,153
9.26981,45.57094,153
9.2698,45.57103,153
9.26989,45.57119,153
9.26989,45.57118,153
9.27009,45.57175,153
9.27033,45.57255,152
9.27037,45.57263,152
9.27039,45.57264,152
9.27066,45.57265,152
9.27066,45.57269,152
9.27094,45.5727,152
9.27093,45.57276,152
9.27101,45.57277,152
9.2711,45.57277,152
9.2712,45.57282,152
9.27151,45.57308,153
9.27151,45.57307,153
9.27233,45.57378,153
9.27251,45.57387,153
9.27273,45.57396,153
9.27301,45.57403,153
9.27525,45.57419,154
9.27542,45.57422,154
9.27828,45.57441,153
9.27827,45.57441,153
9.28278,45.57471,152
9.28282,45.57445,152
9.28307,45.57446,152
9.28307,45.57456,152
9.28368,45.57457,152
9.28367,45.57457,152
9.28754,45.57459,155
9.28767,45.57463,155
9.28848,45.57462,155
9.2891,45.57464,156
9.29117,45.57463,155
9.29178,45.57464,155
9.29177,45.57464,155
9.292,45.57464,155
9.29262,45.57454,155
9.29314,45.57441,155
9.2933,45.57431,155
9.29339,45.57445,155
9.29455,45.57405,155
9.29508,45.57388,155
9.29564,45.57379,155
9.29656,45.5737,155
9.29679,45.57369,155
9.29685,45.57371,155
9.29687,45.57396,156
9.29698,45.57425,156
9.29706,45.57412,156
9.29734,45.57392,156
9.2974,45.57397,155
9.29836,45.57333,153
9.29836,45.57333,153
9.29982,45.57236,156
9.29997,45.57231,156
9.30095,45.57212,157
9.30093,45.57208,157
9.30092,45.572,157
9.30096,45.57199,157
9.30161,45.57197,156
9.30189,45.57201,156
9.30193,45.57199,156
9.30193,45.57195,156
9.30189,45.57193,156
9.30168,45.5719,156
9.30165,45.57188,156
9.30165,45.57178,156
9.30165,45.57177,156
9.30165,45.5717,156
9.30177,45.57152,156
9.30218,45.57164,156
9.30239,45.57166,156
9.30244,45.57162,156
9.30246,45.57157,156
9.30242,45.57154,156
9.30226,45.57154,156
9.30226,45.57153,156
9.30213,45.57153,155
9.30201,45.57149,155
9.30284,45.57144,153
9.30302,45.57152,153
9.3031,45.57149,153
9.30369,45.57145,153
9.30405,45.57137,153
9.30437,45.57135,153
9.30464,45.5713,153
9.30619,45.57091,154
9.30831,45.57053,154
9.30807,45.5703,154
9.30853,45.57001,154
9.30853,45.56985,154
9.30853,45.56984,154
9.30853,45.56856,154
9.30943,45.56861,153
9.30976,45.56866,153
9.30997,45.56872,153
9.31022,45.56892,153
9.31048,45.56877,154
9.31073,45.56866,154
9.31096,45.5686,155
9.31317,45.56838,153
9.31326,45.56835,153
9.31328,45.56829,153
9.31324,45.56804,153
9.31324,45.56803,153
9.31314,45.5675,153
9.31319,45.56745,153
9.31331,45.56742,153
9.31446,45.56736,153
9.31515,45.56728,152
9.31435,45.5649,148
9.31613,45.56448,149
9.31629,45.56445,149
9.3173,45.56437,149
9.31821,45.56431,151
9.31922,45.56439,151
9.31928,45.56442,151
9.31931,45.56446,151
9.31933,45.56461,151
9.3193,45.5651,151
9.31939,45.5652,151
9.31952,45.56523,151
9.31976,45.56523,151
9.31985,45.56526,151
9.31994,45.56529,151
9.32109,45.56619,149
9.32129,45.56628,148
9.32146,45.5663,148
9.3218,45.56632,148
9.3223534652243,45.5663947207177,149
9.32235882963943,45.5663383876771,149
9.32218180384541,45.5662707879604,149
9.3222,45.56626,149
9.32214,45.56618,149
9.32244,45.5652,151
9.32244,45.5652,151
9.32316,45.56281,151
9.3231,45.56275,151
9.32308,45.56267,151
9.32408,45.55936,147
9.32473,45.55971,147
9.32473,45.5597,147
9.325,45.55983,147
9.32532,45.55988,147
9.32544,45.55987,147
9.32551,45.55984,147
9.32558,45.55976,147
9.32584,45.55868,149
9.3259,45.55859,149
9.32598,45.55854,149
9.32615,45.55854,150
9.32744,45.55875,151
9.32752,45.55875,151
9.32759,45.55872,151
9.32767,45.55864,151
9.32795,45.55804,148
9.32856,45.55663,146
9.32859,45.5564,145
9.32852,45.55615,145
9.32843,45.55607,145
9.32819,45.55551,145
9.32815,45.55538,145
9.32815,45.55525,145
9.32817,45.55513,146
9.32824,45.55499,146
9.32837,45.55484,146
9.32837,45.55484,146
9.32859,45.55469,146
9.32873,45.55463,146
9.33141,45.55385,149
9.33175,45.55376,148
9.33177,45.55373,148
9.33176,45.55368,148
9.33198,45.55367,148
9.33246,45.55357,147
9.33251,45.55353,147
9.33258,45.55341,147
9.33273,45.55329,147
9.33279,45.55322,147
9.33282,45.55302,147
9.33288,45.55289,147
9.33312,45.55304,147
9.33315,45.5531,147
9.33313,45.55326,147
9.33317,45.55331,147
9.33335,45.55341,147
9.3334,45.55341,147
9.33354,45.55338,147
9.3336,45.55338,147
9.334,45.55345,147
9.33423,45.55345,147
9.33423,45.5535,147
9.33512,45.5535,148
9.33632,45.55356,148
9.33649,45.55354,149
9.33654,45.55348,149
9.33653,45.553,149
9.33657,45.55293,149
9.33667,45.5529,149
9.33725,45.55287,148
9.33768,45.55282,147
9.33773,45.55281,147
9.33782,45.55281,147
9.3379,45.55287,147
9.33802,45.5529,147
9.3381,45.55291,147
9.34023,45.55268,148
9.3404,45.55301,149
9.3406,45.55302,149
9.34067,45.55305,149
9.34103,45.55376,148
9.34101,45.55381,148
9.34091,45.55385,148
9.3409,45.55388,148
9.34149,45.55606,150
9.34149,45.55606,150
9.34166,45.5566,151
9.34347,45.55655,151
9.34509,45.55647,151
9.34527,45.55644,151
9.34538,45.5567,151
9.34549,45.5571,152
9.34555,45.55739,152
9.34561,45.55746,152
9.34576,45.55761,152
9.34588,45.55763,152
9.34675,45.55761,151
9.34675,45.55757,151
9.34823,45.55755,151
9.34848,45.5576,152
9.34889,45.5576,152
9.3503,45.5577,152
9.35063,45.55778,152
9.3513,45.55801,152
9.35188,45.55809,151
9.35191,45.55816,151
9.35191,45.55923,153
9.35192,45.5593,153
9.35199,45.55935,153
9.35214,45.55937,153
9.35468,45.55951,153
9.35654,45.55956,153
9.3567,45.55958,153
9.35679,45.5597,153
9.35684,45.5605,155
9.35689,45.56059,155
9.35694,45.56063,155
9.35704,45.56066,155
9.35792,45.56069,154
9.35793,45.56056,154
9.358,45.56045,154
9.3581,45.5604,153
9.35921,45.56031,152
9.35935,45.56029,151
9.35946,45.56021,151
9.35949,45.56017,151
9.3595,45.56009,151
9.35958,45.55819,152
9.35983,45.55821,152
9.35983,45.55821,152
9.36016,45.55821,152
9.36075,45.55809,152
9.36167,45.5581,151
9.36198,45.55812,151
9.36225,45.55813,151
9.36773,45.55813,151
9.36787,45.55813,151
9.368,45.55806,151
9.36808,45.55796,151
9.36811,45.55781,151
9.36815,45.55773,151
9.3683,45.55761,151
9.36836,45.55759,151
9.36836,45.55759,151
9.36846,45.55756,151
9.37241,45.55757,149
9.37259,45.55755,149
9.37265,45.55752,150
9.37272,45.55746,150
9.37281,45.55716,150
9.37288,45.55704,150
9.37301,45.55694,150
9.37315,45.5569,150
9.3793,45.55683,150
9.37954,45.55676,150
9.38003,45.55675,150
9.38047,45.55681,150
9.38156,45.5568,150
9.38301,45.55692,151
9.383,45.55692,151
9.38322,45.55693,151
9.38355,45.55692,151
9.3838,45.55699,151
9.38507,45.55711,150
9.38506,45.55711,150
9.38945,45.55757,151
9.39208,45.5577,151
9.39359,45.55782,151
9.39412,45.55785,151
9.39585,45.55812,151
9.39703,45.55836,151
9.39855,45.55874,151
9.39938,45.55884,152
9.39949,45.55889,152
9.40048,45.55915,151
9.40525,45.5601,148
9.40524,45.5601,148
9.41846,45.56279,147
9.41845,45.56279,147
9.41944,45.56299,149
9.41967,45.56303,150
9.41981,45.56303,150
9.41976,45.56317,150
9.42048,45.5633,151
9.42057,45.56334,151
9.42059,45.56339,151
9.42064,45.56364,151
9.42082,45.56368,151
9.42129,45.56365,151
9.42133,45.56363,151
9.42133,45.56363,151
9.42139,45.5636,150
9.42168,45.56336,150
9.42194,45.56293,150
9.42217,45.56247,148
9.42232,45.56225,147
9.42292,45.5615,148
9.42309,45.56131,148
9.4231,45.56131,148
9.42328,45.56111,149
9.42342,45.561,149
9.42353,45.56097,149
9.42363,45.56097,149
9.42378,45.56099,149
9.42386,45.56099,149
9.42391,45.56088,149
9.42779,45.56179,148
9.43166,45.56266,147
9.43209,45.56278,147
9.43259,45.56288,147
9.43328,45.56296,148
9.43576,45.56319,147
9.43672,45.56331,146
9.43671,45.56331,146
9.43761,45.56339,146
9.44341,45.56403,149
9.45387,45.56514,148
9.45641,45.56537,148
9.45817,45.56556,150
9.45845,45.56556,151
9.45889,45.56554,152
9.45889,45.56554,152
9.46186,45.56533,148
9.46186,45.56533,148
9.46308,45.56523,148
9.46347,45.56515,148
9.46618,45.5642,147
9.46618,45.5642,147
9.46841,45.56341,146
9.46846,45.56338,146
9.46947,45.56304,147
9.46947,45.56304,147
9.47047,45.56268,147
9.47127,45.56236,146
9.47244,45.56196,146
9.47244,45.56196,146
9.47401,45.56143,147
9.47604,45.5607,147
9.47606,45.56067,147
9.47609,45.56066,147
9.47609,45.56066,147
9.47613,45.56065,147
9.47616,45.56067,147
9.47624,45.56077,146
9.47873,45.55987,146
9.48168,45.55887,146
9.48168,45.55887,146
9.48227,45.55867,146
9.48253,45.55877,147
9.48598,45.55746,148
9.48598,45.55746,148
9.48656,45.55724,147
9.48498,45.55431,142
9.48498,45.55431,142
9.48316,45.55097,138
9.48204,45.54817,138
9.48209,45.54816,138
9.48204,45.54804,138
9.48204,45.54803,138
9.48165,45.54711,138
9.48153,45.54692,138
9.48101,45.54557,139
9.48084,45.54543,139
9.48097,45.54521,139
9.48094,45.54493,139
9.48094,45.54492,139
9.48092,45.54471,140
9.48085,45.54472,140
9.48076,45.54364,139
9.48076,45.54363,139
9.48069,45.54239,138
9.48062,45.54153,140
9.48063,45.54131,140
9.48083,45.54083,139
9.48064,45.54049,139
9.48012,45.54057,139
9.47792,45.54085,135
9.47753,45.54092,134
9.47722,45.54026,134
9.4772,45.54022,134
9.47724,45.5402,134
9.47727,45.54021,134
9.47774,45.54016,134
9.47816,45.5397,135
9.47819,45.53964,135
9.47823,45.53932,135
9.47827,45.53927,135
9.47979,45.53883,136
9.4793,45.53813,136
9.47888,45.53822,136
9.47668,45.53885,133
9.47413,45.5396,132
9.47324,45.53985,132
9.47324,45.53985,132
9.47086,45.54052,129
9.46784,45.54133,132
9.46612,45.54184,134
9.46144,45.54308,133
9.46074,45.54325,133
9.46028,45.54333,133
9.45968,45.54341,133
9.45717,45.54361,133
9.45322,45.54398,132
9.45142,45.54416,133
9.45106,45.54418,133
9.45106,45.54418,133
9.45003,45.54423,132
9.44965,45.54423,132
9.44892,45.54419,132
9.44752,45.54408,134
9.44707,45.54401,134
9.44597,45.54404,133
9.44471,45.54411,133
9.44458,45.5441,133
9.44391,45.54402,132
9.44373,45.54398,132
9.44283,45.54369,132
9.44213,45.54339,132
9.44202,45.54332,132
9.44166,45.54318,132
9.4414,45.54313,132
9.43522,45.54082,130
9.43522,45.54081,130
9.42794,45.53809,131
9.42775,45.53797,131
9.42723,45.53742,131
9.42703,45.53717,131
9.42697,45.53716,131
9.4269,45.53718,131
9.42632,45.53743,132
9.42621,45.53745,132
9.42607,45.53742,132
9.42296,45.53624,133
9.42295,45.53624,133
9.41667,45.53387,133
9.41655,45.5338,133
9.41624,45.53366,133
9.41603,45.53361,133
9.41492,45.5332,134
9.41442,45.53304,134
9.41329,45.53271,133
9.41328,45.53271,133
9.41072,45.53201,133
9.41022,45.53189,133
9.40993,45.53175,133
9.40923,45.53125,134
9.40917,45.53119,134
9.40914,45.5311,134
9.40911,45.53046,134
9.40892,45.5302,134
9.40847,45.53004,134
9.40802,45.52993,135
9.40729,45.52963,135
9.40694,45.52948,134
9.40577,45.52891,134
9.40558,45.52889,134
9.40547,45.5289,134
9.4046,45.5292,134
9.40393,45.52946,135
9.403,45.52988,135
9.40294,45.52992,135
9.40289,45.52992,135
9.40223,45.52962,134
9.40222,45.52962,134
9.40102,45.52905,133
9.39933,45.52821,133
9.39901,45.52802,133
9.39857,45.52781,133
9.39825,45.52769,133
9.39758,45.52749,133
9.39607,45.5274,133
9.39497,45.5273,133
9.39382,45.52713,130
9.39334,45.52702,130
9.39304,45.5269,130
9.39276,45.52673,130
9.39248,45.5265,131
9.39246,45.52647,131
9.3921,45.52622,131
9.39194,45.52615,131
9.39172,45.52609,131
9.39135,45.52607,132
9.39118,45.52605,132
9.39105,45.52602,132
9.3909,45.52596,132
9.39027,45.52564,132
9.38972,45.52528,134
9.38936,45.52516,134
9.38643,45.52446,133
9.38642,45.52446,133
9.38365,45.52392,132
9.38348,45.52388,132
9.38292,45.5238,132
9.38192,45.52368,132
9.3789,45.52325,131
9.37708,45.52314,130
9.37673,45.52309,131
9.37595,45.52294,131
9.37533,45.52279,131
9.37389,45.52241,132
9.37197,45.52185,129
9.37149,45.52175,130
9.37117,45.52171,131
9.37036,45.52172,132
9.36939,45.52171,131
9.36253,45.52188,131
9.36229,45.52188,131
9.36184,45.52185,131
9.35923,45.52188,132
9.35923,45.52188,132
9.35837,45.52189,132
9.35188,45.52131,130
9.35035,45.5212,129
9.3486,45.52103,130
9.34824,45.52103,130
9.34794,45.52106,130
9.34635,45.52149,128
9.34624,45.52148,128
9.34584,45.52159,128
9.3458,45.52164,128
9.34574,45.52166,128
9.34546,45.52171,129
9.34512,45.52173,129
9.34482,45.52173,129
9.3439,45.52166,129
9.34253,45.52158,127
9.34011,45.52159,128
9.33734,45.52162,129
9.33607,45.52169,132
9.33498,45.5218,132
9.33353,45.52179,133
9.33291,45.52186,134
9.33228,45.52204,134
9.33199,45.52209,134
9.33164,45.52202,134
9.33117,45.52199,133
9.33075,45.52199,132
9.33075,45.52199,132
9.33004,45.52203,132
9.32964,45.52202,132
9.32939,45.522,132
9.32867,45.52187,132
9.3265,45.52126,131
9.32599,45.52108,131
9.32511,45.52069,130
9.32491,45.52063,129
9.32471,45.5206,129
9.32386,45.52054,129
9.32266,45.5205,129
9.3219,45.52054,129
9.32132,45.52055,129
9.31961,45.52039,129
9.31796,45.52037,129
9.31584,45.52029,130
9.31385,45.52017,129
9.31109,45.52024,128
9.30591,45.52007,127
9.30527,45.52007,127
9.30451,45.52004,127
9.30312,45.51995,128
9.30289,45.5199,128
9.30238,45.51977,128
9.30031,45.51902,127
9.29973,45.51886,127
9.2995,45.51882,127
9.29923,45.5188,127
9.2974,45.51874,129
9.29602,45.51868,128
9.29601,45.51868,128
9.29564,45.51864,128
9.29452,45.51846,127
9.29409,45.51826,127
9.29371,45.51806,127
9.29202,45.51705,128
9.2916,45.51681,128
9.2914,45.51671,128
9.29127,45.51667,128
9.29097,45.5166,128
9.29043,45.51651,128
9.29005,45.51647,128
9.28863,45.51641,128
9.28803,45.51636,127
9.28786,45.51637,127
9.28696,45.51661,126
9.28616,45.51687,126
9.28489,45.51723,126
9.28432,45.51732,126
9.2838,45.51734,126
9.2816,45.51722,125
9.27296,45.51681,129
9.27225,45.5168,131
9.27102,45.51681,127
9.27081,45.5168,127
9.27067,45.51684,127
9.26727,45.51738,127
9.26491,45.5179,129
9.26277,45.51828,125
9.2619,45.51827,124
9.26122,45.51817,126
9.26116,45.51819,126
9.26112,45.51848,126
9.26099,45.51853,126
9.26078,45.5186,126
9.26018,45.51869,126
9.25949,45.51885,127
9.25928,45.51886,127
9.2589,45.51881,128
9.25879,45.51877,128
9.25831,45.51854,128
9.25785,45.51829,128
9.25756,45.51817,128
9.25755,45.51817,128
9.25718,45.51801,128
9.25702,45.51792,128
9.25686,45.51778,128
9.2567,45.51759,127
9.25657,45.5174,126
9.25651,45.51717,125
9.25648,45.51636,125
9.25643,45.5162,125
9.25584,45.5155,127
9.25411,45.51411,127
9.25396,45.51396,127
9.25389,45.51383,127
9.25387,45.51372,127
9.25388,45.5136,128
9.25391,45.51348,128
9.25423,45.51274,130
9.25454,45.51174,130
9.25454,45.51167,129
9.25451,45.51159,129
9.25431,45.51134,129
9.25411,45.51124,129
9.25355,45.5111,130
9.24878,45.51019,131
9.2484,45.51003,130
9.24758,45.50955,129
9.24717,45.50932,129
9.24377,45.50774,130
9.24304,45.5074,130
9.24301,45.50739,130
9.243,45.50739,130
9.23984,45.50589,130
9.23983,45.50589,130
9.23793,45.50502,129
9.23763,45.50491,128
9.2373,45.50483,128
9.23695,45.50477,127
9.23683,45.50473,127
9.23683,45.50472,126
9.23666,45.50468,126
9.23626,45.50464,126
9.23515,45.50446,125
9.23331,45.50412,127
9.23259,45.50404,129
9.23224,45.50403,128
9.23216,45.50405,128
9.23206,45.50404,128
9.23193,45.50397,127
9.2318,45.50395,127
9.23053,45.50379,127
9.22871,45.50344,128
9.2287,45.50344,128
9.22779,45.50334,128
9.22684,45.50344,130
9.2262,45.50362,132
9.22527,45.50392,131
9.22513,45.50394,131
9.22363,45.50396,131
9.22305,45.50389,133
9.22304,45.50389,133
9.22238,45.50378,132
9.2218,45.50368,130
9.22168,45.50364,130
9.22049,45.50344,130
9.21975,45.50334,128
9.21945,45.50326,127
9.21907,45.50311,127
9.21898,45.50306,127
9.21897,45.50306,127
9.21837,45.50262,128
9.21811,45.50234,129
9.21773,45.50185,129
9.2175,45.50154,129
9.21723,45.50098,129
9.21701,45.50043,128
9.21676,45.50005,127
9.21668,45.49997,126
9.21591,45.49951,126
9.21538,45.49923,127
9.21501,45.49904,128
9.21449,45.49881,129
9.21416,45.49872,129
9.21294,45.49843,129
9.21273,45.49836,129
9.21272,45.49836,129
9.21199,45.49814,129
9.21192,45.49809,129
9.21182,45.49806,129
9.21159,45.49805,129
9.2108,45.49789,129
9.20983,45.49774,127
9.20942,45.49765,127
9.20908,45.49753,127
9.20872,45.49737,127
9.20836,45.49704,127
9.20829,45.497,127
9.20792,45.49584,128
9.20791,45.49566,129
9.20777,45.49542,129
9.20768,45.49535,129
9.2076,45.49519,130
9.2073,45.49528,130
9.20672,45.49465,133
9.20655,45.49452,134
9.20621,45.49416,132
9.20612,45.49404,132
9.20588,45.49389,130
9.20581,45.49383,130
9.20577,45.49375,130
9.20465,45.4928,130
9.20451,45.49268,129
9.20439,45.49261,129
9.20433,45.49254,129
9.20405,45.49232,128
9.20376,45.49206,128
9.20368,45.49202,127
9.2034,45.49177,127
9.20327,45.49168,127
9.20325,45.49162,127
9.20188,45.49045,128
9.20188,45.49044,128
9.20163,45.49024,128
9.20126,45.48989,128
9.20066,45.48938,127
9.20038,45.4892,127
9.20028,45.48908,127
9.19857,45.48762,129
9.19849,45.4876,129
9.19794,45.48709,130
9.19732,45.4866,127
9.19735,45.48658,127
9.19576,45.48523,124
9.19573,45.48518,124
9.19557,45.48512,124
9.19533,45.48493,123
9.19519,45.48488,123
9.19521,45.4848,123
9.19538,45.4847,123
9.19543,45.48467,123
9.19565,45.48464,124
9.19588,45.4845,125
9.19589,45.48443,125
9.19583,45.48416,126
9.19571,45.48405,126
9.19537,45.48369,126
9.19529,45.48366,126
9.19506,45.48368,126
9.19503,45.48365,125
9.19501,45.48366,125
9.19387,45.48307,122
9.19386,45.48307,122
9.19369,45.48297,122
9.19353,45.48297,123
9.19326,45.48275,124
9.19326,45.48265,124
9.19315,45.48265,124
9.19302,45.48261,125
9.1926,45.48225,126
9.19254,45.48213,126
9.19219,45.48187,127
9.19135,45.48118,128
9.1912,45.4811,128
9.19108,45.48101,128
9.19108,45.481,128
9.19078,45.48076,128
9.19067,45.48073,128
9.19028,45.48044,128
9.19041,45.48038,129
9.18986,45.47976,131
9.18977,45.47964,131
9.18981,45.47961,131
9.18935,45.47917,131
9.18915,45.47864,131
9.18915,45.4786,131
9.18912,45.47859,131
9.18908,45.47852,131
9.18891,45.47845,131
9.18888,45.47842,131
9.18881,45.47802,131
9.18843,45.47698,132
9.18833,45.47573,131
9.18835,45.47566,131
9.18832,45.47541,129
9.18792,45.47418,127
9.18779,45.47344,129
9.18784,45.47294,131
9.1874,45.4729,132
9.18548,45.4725,131
9.18405,45.47214,130
9.18374,45.47204,129
9.1836,45.47198,129
9.18315,45.47188,129
9.18302,45.47188,129
9.183,45.47195,129
9.18235,45.47186,129
9.18218,45.47181,129
9.1813,45.47125,126
9.18116,45.47121,126
9.18047,45.47171,124
9.17944,45.47251,123
9.17943,45.47255,123
9.17941,45.47244,123
9.17936,45.47237,123
9.17927,45.47233,123
9.17895,45.47216,123
9.17806,45.47158,124
9.17806,45.47157,124
9.17708,45.47095,125
9.17699,45.47091,125
9.17679,45.47072,125
9.17655,45.47053,125
9.17645,45.47048,125
9.17632,45.47046,124
9.17546,45.46993,123
9.17539,45.46992,123
9.17525,45.46999,124
9.17468,45.47044,125
9.17438,45.47076,125
9.17419,45.47106,125
9.17406,45.47133,125
9.17382,45.47169,127
9.17365,45.47187,127
9.17329,45.47217,127
9.173,45.47236,126
9.17214,45.47278,126
9.17174,45.4729,126
9.171,45.47326,126
9.17001,45.47402,124
9.1698,45.47387,123
9.1683,45.47292,127
9.16828,45.47298,127
9.16728,45.47234,127
9.16452,45.47445,125
9.1644,45.47463,126
9.16289,45.47577,129
9.16229,45.47625,132
9.16206,45.47634,132
9.16131,45.4769,132
9.16133,45.47763,129
9.16126,45.47773,129
9.16114,45.47779,129
9.16097,45.4778,128
9.16001,45.47783,129
9.16007,45.4795,128
9.16011,45.47974,128
9.16012,45.48003,128
9.1601,45.48009,128
9.15996,45.48024,128
9.15974,45.4803,127
9.15887,45.48034,125
9.15846,45.48029,126
9.15634,45.48035,129
9.1562,45.48037,129
9.15607,45.48043,130
9.156,45.4805,130
9.15598,45.48098,132
9.15548,45.48134,131
9.1555,45.48137,131
9.15371,45.48273,127
9.15359,45.48281,127
9.15367,45.48286,127
9.15287,45.48347,131
9.15194936476868,45.4841546790805,132
9.15087531212924,45.4850001325907,126
9.15086,45.48499,126
9.15018,45.48552,125
9.14997,45.48539,125
9.14993,45.4854,125
9.14977,45.48542,125
9.14938,45.48541,126
9.14925,45.48535,127
9.14921,45.48524,127
9.14921,45.48523,127
9.14914,45.48515,127
9.14903,45.48511,128
9.14892,45.4851,128
9.14881,45.48512,128
9.14874,45.48518,128
9.14866,45.48527,128
9.14861,45.48529,128
9.14815,45.48531,129
9.14809,45.48516,129
9.14776,45.48497,128
9.14772,45.48497,128
9.14802,45.48515,127
9.14804,45.48515,127
9.14823,45.48552,125
9.14827,45.48551,125
9.14832,45.48591,125
9.14828,45.48591,125
9.14817,45.48606,125
9.14806,45.48602,125
9.14761,45.48663,125
9.14757,45.48661,125
9.14747,45.48676,125
9.14745,45.48676,125
9.14751,45.48783,132
9.1475,45.48801,132
9.1475,45.48801,132
9.1475,45.48802,132
9.1465,45.48952,131
9.14639,45.48944,131
9.14638,45.48941,131
9.14641,45.48934,130
9.14659,45.48918,130
9.1466,45.48908,129
9.14656,45.48897,129
9.1465,45.48892,129
9.14642,45.48889,129
9.14585,45.48868,129
9.14581,45.48867,129
9.14569,45.48867,129
9.14558,45.4887,129
9.14528,45.48895,129
9.14373,45.49013,129
9.14373,45.49024,129
9.1438,45.49027,128
9.14386,45.49032,128
9.14389,45.49044,128
9.14382,45.49052,128
9.14372,45.49058,128
9.14358,45.49059,128
9.14351,45.49057,128
9.14253,45.49131,128
9.14244,45.49132,128
9.14132,45.49111,128
9.14082,45.49098,128
9.14076,45.49098,128
9.14067,45.49101,128
9.14057,45.49102,128
9.14044,45.49098,128
9.1402,45.49091,128
9.13996,45.49092,128
9.13964,45.49103,128
9.13941,45.49121,128
9.1392,45.49157,128
9.13911,45.49166,128
9.13911,45.49166,128
9.13855,45.49217,128
9.13825,45.4924,128
9.13796,45.49259,129
9.13763,45.49275,130
9.13725,45.49284,131
9.13719,45.49289,131
9.13708,45.49313,131
9.13683,45.49308,131
9.13671,45.49303,131
9.13641,45.49297,131
9.13621,45.49297,131
9.13595,45.49299,131
9.13566,45.49305,131
9.13519,45.49322,132
9.13501,45.49331,133
9.13498,45.49336,133
9.13496,45.49347,133
9.13411,45.49382,136
9.13408,45.49378,136
9.13402,45.49377,136
9.13373,45.4939,136
9.13371,45.4939,136
9.13371,45.49387,136
9.13446,45.49355,136
9.13448,45.49356,136
9.13448,45.49358,136
9.13411,45.49374,136
9.13367,45.49323,135
9.13361,45.49324,135
9.13358,45.49323,135
9.13357,45.49323,135
9.13348,45.49314,134
9.13312,45.49326,133
9.13286,45.49331,133
9.13261,45.4933,132
9.13143,45.49307,129
9.13144,45.49304,129
9.13107,45.49295,129
9.13061,45.4928,129
9.13028,45.49271,130
9.12985,45.49266,130
9.12953,45.49264,130
9.12942,45.49254,130
9.12933,45.49249,130
9.12916,45.49246,130
9.1257,45.49237,126
9.12481,45.49236,128
9.12477,45.49245,128
9.12444,45.49243,129
9.12428,45.49239,129
9.12411,45.49237,130
9.12332,45.49283,131
9.12332,45.49283,131
9.12319,45.4929,131
9.12279,45.49284,131
9.12275,45.49279,131
9.12264,45.49279,131
9.1226,45.49277,131
9.12241,45.49279,130
9.12234,45.49277,130
9.12229,45.49273,130
9.1222,45.49273,130
9.12219,45.49279,130
9.12234,45.493,129
9.12242,45.49335,129
9.12254,45.49334,129
9.12253,45.49348,129
9.12244,45.49372,129
9.12245,45.49404,130
9.12208,45.49382,131
9.12185,45.49389,131
9.12167,45.49389,131
9.12119,45.49381,130
9.12103,45.4938,130
9.12102,45.4938,130
9.12081,45.49382,130
9.1206,45.49386,130
9.12029,45.49398,130
9.12018,45.49401,130
9.11949,45.49385,130
9.11929,45.49388,130
9.11923,45.49393,130
9.11915,45.49404,130
9.11925,45.49423,130
9.11883,45.49451,130
9.11827,45.49471,129
9.11786,45.49482,128
9.11786,45.49482,128
9.11758,45.49489,128
9.11729,45.49491,128
9.1168,45.49485,129
9.11669,45.49489,129
9.11661,45.49489,129
9.11653,45.49482,129
9.11596,45.49419,130
9.11596,45.49418,130
9.1157,45.49389,130
9.1156,45.49384,130
9.11486,45.4943,129
9.11466,45.49433,130
9.11437,45.49452,131
9.11417,45.49482,134
9.1141,45.49499,135
9.1139,45.49522,136
9.11377,45.49533,137
9.11361,45.49539,138
9.11318,45.49567,139
9.11297,45.49576,138
9.11286,45.49581,137
9.11275,45.49582,137
9.11167,45.49632,132
9.11158,45.49625,132
9.11136,45.49619,132
9.11119,45.49638,132
9.11103,45.49649,132
9.11076,45.49661,132
9.11054,45.49665,132
9.1101,45.49676,132
9.10982,45.49691,132
9.10939,45.49707,134
9.10889,45.49706,135
9.10858,45.49702,135
9.10857,45.49702,135
9.10802,45.49698,135
9.10755,45.497,135
9.1073,45.49699,135
9.10666,45.49692,134
9.10667,45.49718,133
9.10669,45.49723,133
9.10699,45.49744,133
9.10687,45.49753,133
9.10684,45.49772,133
9.10707,45.49787,133
9.10652,45.4983,134
9.10629,45.49843,134
9.10602,45.49849,135
9.10602,45.49849,135
9.10598,45.4985,135
9.10565,45.4985,136
9.10584,45.49866,137
9.10582,45.49873,137
9.10556,45.49897,139
9.10549,45.49928,144
9.10529,45.49939,147
9.10527,45.49947,148
9.10366,45.49998,139
9.10329,45.50014,138
9.10313,45.50024,138
9.10211,45.50097,137
9.10211,45.50097,137
9.10193,45.5011,137
9.10199,45.50113,137
9.10182,45.50128,137
9.10178,45.50149,138
9.10175,45.50153,138
9.10029,45.50244,135
9.10019,45.50253,135
9.10014,45.50263,135
9.10013,45.50267,135
9.10007,45.50272,135
9.09991,45.50273,135
9.09968,45.50281,135
9.09977,45.50272,135
9.09972,45.50268,135
9.09957,45.50271,135
9.0994,45.50284,135
9.09784,45.50397,137
9.09775,45.50403,137
9.09766,45.50404,137
9.09756,45.50404,137
9.09737,45.504,137
9.09689,45.50403,138
9.09668,45.50402,138
9.09628,45.50428,138
9.09556,45.50459,136
9.0953,45.50468,136
9.09519,45.50474,136
9.09458,45.50487,136
9.09429,45.50521,136
9.09408,45.50526,136
9.09399,45.50526,136
9.09346,45.50538,136
9.09351,45.50548,136
9.09352,45.50551,136
9.09317,45.50559,136
9.09311,45.50567,136
9.09317,45.50587,136
9.09315,45.5059,136
9.0927,45.50624,137
9.09256,45.50638,137
9.09196,45.50686,138
9.09117,45.50741,140
9.09053,45.50808,141
9.09046,45.50809,142
9.09039,45.50808,142
9.09032,45.50811,142
9.09052,45.50843,142
9.09049,45.50856,142
9.09044,45.50863,142
9.09052,45.50875,142
9.09002,45.5089,142
9.08971,45.50902,142
9.08894,45.50941,142
9.08894,45.50941,142
9.08813,45.50983,141
9.08556,45.51127,142
9.08544,45.51127,142
9.08405,45.51208,143
9.08295,45.5111,143
9.08244,45.51058,142
9.08238,45.51061,142
9.08228,45.5105,142
9.08218,45.51043,142
9.08206,45.51039,142
9.08206,45.51038,142
9.08183,45.51033,142
9.08162,45.51033,141
9.07998,45.51076,141
9.07545,45.51207,141
9.07501,45.51218,141
9.07479,45.51218,141
9.07235,45.51189,139
9.07234,45.51189,139
9.0723,45.51189,139
9.07211,45.51195,139
9.07184,45.51218,139
9.07171,45.51214,140
9.07153,45.51239,141
9.07147,45.5125,141
9.07129,45.51311,140
9.07108,45.51415,144
9.07102,45.51424,145
9.07098,45.51459,146
9.07089,45.51511,147
9.07089,45.51511,147
9.07086,45.51531,148
9.07077,45.51538,148
9.07077,45.51544,148
9.07079,45.51551,148
9.07069,45.51553,148
9.06814,45.51664,145
9.06804,45.51665,145
9.06556,45.5165,144
9.06488,45.51648,145
9.06489,45.51693,145
9.06489,45.51766,146
9.06416,45.51758,146
9.06347,45.51761,146
9.06143,45.51755,147
9.0603,45.51752,146
9.0601,45.51746,146
9.05974,45.5174,145
9.05901,45.51721,144
9.05882,45.51721,143
9.05864,45.51727,143
9.05835,45.51745,142
9.05835,45.51745,142
9.05818,45.51755,142
9.05802,45.5176,142
9.05755,45.5176,144
9.05725,45.51764,145
9.05709,45.51761,145
9.05676,45.51719,147
9.0563,45.51666,148
9.05581,45.51618,147
9.0557,45.51615,147
9.05417,45.51656,147
9.05411,45.51657,147
9.05403,45.51654,147
9.05394,45.51649,146
9.05336,45.51729,145
9.05336,45.51729,145
9.05309,45.51766,145
9.05273,45.51767,146
9.05245,45.51798,147
9.05105,45.51695,148
9.05061,45.51768,148
9.05056,45.51781,148
9.05034,45.51818,148
9.05035,45.51818,148
9.05025,45.51835,148
9.05014,45.51846,148
9.05015,45.51848,148
9.04986,45.51933,150
9.04986,45.51963,151
9.04951,45.52052,152
9.04941,45.52065,152
9.04925,45.52072,153
9.04749,45.52303,150
9.04572,45.5227,151
9.04571,45.5227,151
9.04528,45.52262,152
9.04512,45.52315,152
9.04488,45.52376,153
9.04444,45.52376,154
9.04444,45.5238,155
9.04431,45.52389,155
9.04393,45.52438,155
9.04392,45.52439,155
9.04299449033297,45.5245408449942,154
9.04299,45.52454,154
9.04168,45.52404,154
9.04097,45.52374,154
9.04077,45.52368,153
9.03904,45.5236,153
9.03903,45.5236,153
9.03862,45.52357,153
9.0386,45.52359,153
9.0385,45.52361,153
9.03846,45.5236,153
9.03777,45.52458,154
9.03777,45.52467,154
9.03774,45.52474,154
9.03767,45.52479,154
9.03689,45.52468,154
9.03565,45.52452,155
9.03554,45.52474,154
9.03528,45.5248,154
9.03529,45.52485,154
9.0344,45.52622,153
9.03437,45.52631,153
9.03361,45.52619,153
9.0336,45.52619,153
9.03327,45.52613,153
9.0327,45.52597,154
9.03264,45.52597,154
9.03258,45.526,154
9.03249,45.52599,154
9.03249,45.52593,154
9.03243,45.52588,154
9.0323,45.52588,154
9.03229,45.52585,154
9.03139,45.52588,154
9.03134,45.52624,154
9.03134,45.52624,154
9.03114,45.52764,155
9.03105,45.52902,155
9.02963,45.52942,155
9.02873,45.52959,156
9.02798,45.52971,157
9.02761,45.52984,157
9.02778,45.53104,158
9.02803,45.53248,161
9.02833,45.53248,161
9.02853048459923,45.5326168635684,161
9.02872173030588,45.5332922826321,158
9.02882532173891,45.5337667457178,157
9.02882,45.53377,157
9.02913,45.53371,156
9.03013,45.53357,156
9.03013,45.53358,156
9.03013,45.53357,156
9.03014,45.53362,156
9.03014,45.53371,156
9.0302,45.53372,156
9.03027,45.53377,156
9.03027,45.53377,156
9.03028,45.53382,156
9.03001,45.53455,157
9.02965,45.5361,160
9.02971,45.53613,160
9.02888,45.53659,158
9.029,45.53672,158
9.02909,45.53677,158
9.0301,45.53687,158
9.0299,45.53752,158